28835  5323 28835 MATLAB          20.3  6.7
28835  5323 28835 MATLAB          20.3  6.7
28835  5323 28835 MATLAB          20.3  6.7
28835  5323 28835 MATLAB          20.2  6.7
28835  5323 28835 MATLAB          20.2  6.7
28835  5323 28835 MATLAB          20.1  6.7
28835  5323 28835 MATLAB          20.0  6.7
28835  5323 28835 MATLAB          19.9  6.7
28835  5323 28835 MATLAB          20.0  6.7
28835  5323 28835 MATLAB          19.9  6.7
28835  5323 28835 MATLAB          19.9  6.7
28835  5323 28835 MATLAB          19.8  6.7
28835  5323 28835 MATLAB          19.8  6.7
28835  5323 28835 MATLAB          19.8  6.7
28835  5323 28835 MATLAB          19.7  6.7
28835  5323 28835 MATLAB          19.7  6.7
28835  5323 28835 MATLAB          19.7  6.7
28835  5323 28835 MATLAB          19.7  6.7
28835  5323 28835 MATLAB          19.6  6.7
28835  5323 28835 MATLAB          19.6  6.7
28835  5323 28835 MATLAB          19.5  6.7
28835  5323 28835 MATLAB          19.5  6.7
28835  5323 28835 MATLAB          19.5  6.7
28835  5323 28835 MATLAB          19.5  6.7
28835  5323 28835 MATLAB          19.4  6.7
28835  5323 28835 MATLAB          19.4  6.7
28835  5323 28835 MATLAB          19.4  6.7
28835  5323 28835 MATLAB          19.4  6.7
28835  5323 28835 MATLAB          19.4  6.8
28835  5323 28835 MATLAB          19.3  6.8
28835  5323 28835 MATLAB          19.3  6.8
28835  5323 28835 MATLAB          19.3  6.8
28835  5323 28835 MATLAB          19.3  6.8
28835  5323 28835 MATLAB          19.3  6.8
28835  5323 28835 MATLAB          19.2  6.8
28835  5323 28835 MATLAB          19.2  6.8
28835  5323 28835 MATLAB          19.2  6.8
28835  5323 28835 MATLAB          19.2  6.8
28835  5323 28835 MATLAB          19.2  6.8
28835  5323 28835 MATLAB          19.1  6.8
28835  5323 28835 MATLAB          19.1  6.8
28835  5323 28835 MATLAB          19.0  6.8
28835  5323 28835 MATLAB          19.1  6.8
28835  5323 28835 MATLAB          19.0  6.8
28835  5323 28835 MATLAB          19.0  6.8
28835  5323 28835 MATLAB          19.0  6.8
28835  5323 28835 MATLAB          18.9  6.8
28835  5323 28835 MATLAB          18.9  6.8
28835  5323 28835 MATLAB          18.9  6.8
28835  5323 28835 MATLAB          18.9  6.8
28835  5323 28835 MATLAB          18.9  6.8
28835  5323 28835 MATLAB          18.8  6.8
28835  5323 28835 MATLAB          18.8  6.8
28835  5323 28835 MATLAB          18.8  6.8
28835  5323 28835 MATLAB          18.8  6.8
28835  5323 28835 MATLAB          18.8  6.8
28835  5323 28835 MATLAB          18.8  6.8
28835  5323 28835 MATLAB          18.7  6.8
28835  5323 28835 MATLAB          18.7  6.8
28835  5323 28835 MATLAB          18.7  6.8
28835  5323 28835 MATLAB          18.7  6.8
28835  5323 28835 MATLAB          18.7  6.8
28835  5323 28835 MATLAB          18.7  6.8
28835  5323 28835 MATLAB          18.6  6.8
28835  5323 28835 MATLAB          18.6  6.8
28835  5323 28835 MATLAB          18.6  6.8
28835  5323 28835 MATLAB          18.6  6.8
28835  5323 28835 MATLAB          18.5  6.8
28835  5323 28835 MATLAB          18.5  6.8
28835  5323 28835 MATLAB          18.5  6.8
28835  5323 28835 MATLAB          18.5  6.8
28835  5323 28835 MATLAB          18.5  6.8
28835  5323 28835 MATLAB          18.5  6.8
28835  5323 28835 MATLAB          18.4  6.8
28835  5323 28835 MATLAB          18.3  6.8
28835  5323 28835 MATLAB          18.3  6.8
28835  5323 28835 MATLAB          18.3  6.8
28835  5323 28835 MATLAB          18.3  6.8
28835  5323 28835 MATLAB          18.3  6.8
28835  5323 28835 MATLAB          18.3  6.8
28835  5323 28835 MATLAB          18.3  6.8
28835  5323 28835 MATLAB          18.2  6.8
28835  5323 28835 MATLAB          18.3  6.8
28835  5323 28835 MATLAB          18.2  6.8
28835  5323 28835 MATLAB          18.2  6.8
28835  5323 28835 MATLAB          18.2  6.8
28835  5323 28835 MATLAB          18.2  6.8
28835  5323 28835 MATLAB          18.2  6.8
28835  5323 28835 MATLAB          18.2  6.8
28835  5323 28835 MATLAB          18.2  6.8
28835  5323 28835 MATLAB          18.2  6.8
28835  5323 28835 MATLAB          18.2  6.8
28835  5323 28835 MATLAB          18.1  6.8
28835  5323 28835 MATLAB          18.1  6.8
28835  5323 28835 MATLAB          18.1  6.8
28835  5323 28835 MATLAB          18.1  6.8
28835  5323 28835 MATLAB          18.1  6.8
28835  5323 28835 MATLAB          18.1  6.8
28835  5323 28835 MATLAB          18.1  6.8
28835  5323 28835 MATLAB          18.1  6.8
